時間	通訊碼
----------------------------------------------------------------------------------------------------
00:40:26.051	OPC UA settings saved: {'application_Name': 'ModUA', 'host_name': 'ModUA', 'namespace': 'ModUA', 'port': '48480', 'product_uri': 'opc.tcp://192.168.1.101:48480', 'max_sessions': '4096', 'publish_interval': '1000', 'authentication': 'Anonymous', 'username': '', 'password': '', 'organization': 'Organization', 'organization_unit': 'Unit', 'locality': 'Locality', 'state': 'State', 'country': 'tw', 'cert_validity': '20', 'policy_none': True, 'policy_sign_aes128': False, 'policy_sign_aes256': False, 'policy_sign_basic256sha256': False, 'policy_encrypt_aes128': False, 'policy_encrypt_aes256': False, 'policy_encrypt_basic256sha256': False, 'auto_generate': True}
00:40:26.213	OPC UA: Running
01:06:15.594	TX: | 00 01 00 00 00 06 01 03 00 5F 00 32 |
01:06:15.599	RX: | 00 01 00 00 00 67 01 03 64 00 00 42 48 00 00 40 A0 00 00 00 00 00 00 40 00 00 00 44 16 00 00 40 40 00 00 41 C8 00 00 40 A0 00 00 41 C8 00 00 00 00 00 00 00 00 00 00 00 00 00 00 00 00 00 00 C2 48 00 00 00 00 00 00 41 F0 00 00 41 F0 00 00 44 16 26 00 46 FA 40 50 3E 53 00 00 00 00 00 00 00 00 00 00 00 00 F1 AB 3E 52 00 00 00 00 |
01:06:15.677	TX: | 00 01 00 00 00 06 01 03 00 6A 00 18 |
01:06:15.691	RX: | 00 01 00 00 00 33 01 03 30 00 00 40 40 00 00 41 C8 00 00 40 A0 00 00 41 C8 00 00 00 00 00 00 00 00 00 00 00 00 00 00 00 00 00 00 C2 C8 00 00 00 00 00 00 41 F0 00 00 41 F0 |
01:06:16.634	TX: | 00 01 00 00 00 06 01 03 00 5F 00 32 |
01:06:16.639	RX: | 00 01 00 00 00 67 01 03 64 00 00 42 48 00 00 40 A0 00 00 00 00 00 00 40 00 00 00 44 16 00 00 40 40 00 00 41 C8 00 00 40 A0 00 00 41 C8 00 00 00 00 00 00 00 00 00 00 00 00 00 00 00 00 00 00 C2 48 00 00 00 00 00 00 41 F0 00 00 41 F0 00 00 44 16 26 00 46 FA F1 AB 3E 52 00 00 00 00 00 00 00 00 00 00 00 00 88 CE 3E 52 00 00 00 00 |
01:06:16.758	TX: | 00 01 00 00 00 06 01 03 00 6A 00 18 |
01:06:16.773	RX: | 00 01 00 00 00 33 01 03 30 00 00 40 40 00 00 41 C8 00 00 40 A0 00 00 41 C8 00 00 00 00 00 00 00 00 00 00 00 00 00 00 00 00 00 00 C2 C8 00 00 00 00 00 00 41 F0 00 00 41 F0 |
01:06:17.675	TX: | 00 01 00 00 00 06 01 03 00 5F 00 32 |
01:06:17.681	RX: | 00 01 00 00 00 67 01 03 64 00 00 42 48 00 00 40 A0 00 00 00 00 00 00 40 00 00 00 44 16 00 00 40 40 00 00 41 C8 00 00 40 A0 00 00 41 C8 00 00 00 00 00 00 00 00 00 00 00 00 00 00 00 00 00 00 C2 48 00 00 00 00 00 00 41 F0 00 00 41 F0 00 00 44 16 26 00 46 FA D7 73 3E 52 00 00 00 00 00 00 00 00 00 00 00 00 D7 73 3E 52 4A 00 39 9D |
01:06:17.872	TX: | 00 01 00 00 00 06 01 03 00 6A 00 18 |
01:06:17.884	RX: | 00 01 00 00 00 33 01 03 30 00 00 40 40 00 00 41 C8 00 00 40 A0 00 00 41 C8 00 00 00 00 00 00 00 00 00 00 00 00 00 00 00 00 00 00 C2 C8 00 00 00 00 00 00 41 F0 00 00 41 F0 |
01:06:18.706	TX: | 00 01 00 00 00 06 01 03 00 5F 00 32 |
01:06:18.716	RX: | 00 01 00 00 00 67 01 03 64 00 00 42 48 00 00 40 A0 00 00 00 00 00 00 40 00 00 00 44 16 00 00 40 40 00 00 41 C8 00 00 40 A0 00 00 41 C8 00 00 00 00 00 00 00 00 00 00 00 00 00 00 00 00 00 00 C2 48 00 00 00 00 00 00 41 F0 00 00 41 F0 00 00 44 16 26 00 46 FA A3 05 3E 52 00 00 00 00 00 00 00 00 00 00 00 00 A3 05 3E 52 00 00 00 00 |
01:06:18.932	TX: | 00 01 00 00 00 06 01 03 00 6A 00 18 |
01:06:18.946	RX: | 00 01 00 00 00 33 01 03 30 00 00 40 40 00 00 41 C8 00 00 40 A0 00 00 41 C8 00 00 00 00 00 00 00 00 00 00 00 00 00 00 00 00 00 00 C2 C8 00 00 00 00 00 00 41 F0 00 00 41 F0 |
01:06:19.757	TX: | 00 01 00 00 00 06 01 03 00 5F 00 32 |
01:06:19.763	RX: | 00 01 00 00 00 67 01 03 64 00 00 42 48 00 00 40 A0 00 00 00 00 00 00 40 00 00 00 44 16 00 00 40 40 00 00 41 C8 00 00 40 A0 00 00 41 C8 00 00 00 00 00 00 00 00 00 00 00 00 00 00 00 00 00 00 C2 48 00 00 00 00 00 00 41 F0 00 00 41 F0 00 00 44 16 26 00 46 FA 1F F2 3E 52 00 00 00 00 00 00 00 00 00 00 00 00 1F F2 3E 52 00 00 00 00 |
01:06:19.990	TX: | 00 01 00 00 00 06 01 03 00 6A 00 18 |
01:06:20.008	RX: | 00 01 00 00 00 33 01 03 30 00 00 40 40 00 00 41 C8 00 00 40 A0 00 00 41 C8 00 00 00 00 00 00 00 00 00 00 00 00 00 00 00 00 00 00 C2 C8 00 00 00 00 00 00 41 F0 00 00 41 F0 |
01:06:20.810	TX: | 00 01 00 00 00 06 01 03 00 5F 00 32 |
01:06:20.817	RX: | 00 01 00 00 00 67 01 03 64 00 00 42 48 00 00 40 A0 00 00 00 00 00 00 40 00 00 00 44 16 00 00 40 40 00 00 41 C8 00 00 40 A0 00 00 41 C8 00 00 00 00 00 00 00 00 00 00 00 00 00 00 00 00 00 00 C2 48 00 00 00 00 00 00 41 F0 00 00 41 F0 00 00 44 16 26 00 46 FA D1 4D 3E 51 00 00 00 00 00 00 00 00 00 00 00 00 D1 4D 3E 51 00 00 00 00 |
01:06:21.042	TX: | 00 01 00 00 00 06 01 03 00 6A 00 18 |
01:06:21.056	RX: | 00 01 00 00 00 33 01 03 30 00 00 40 40 00 00 41 C8 00 00 40 A0 00 00 41 C8 00 00 00 00 00 00 00 00 00 00 00 00 00 00 00 00 00 00 C2 C8 00 00 00 00 00 00 41 F0 00 00 41 F0 |
01:06:21.864	TX: | 00 01 00 00 00 06 01 03 00 5F 00 32 |
01:06:21.869	RX: | 00 01 00 00 00 67 01 03 64 00 00 42 48 00 00 40 A0 00 00 00 00 00 00 40 00 00 00 44 16 00 00 40 40 00 00 41 C8 00 00 40 A0 00 00 41 C8 00 00 00 00 00 00 00 00 00 00 00 00 00 00 00 00 00 00 C2 48 00 00 00 00 00 00 41 F0 00 00 41 F0 00 00 44 16 26 00 46 FA 3A 28 3E 52 00 00 00 00 00 00 00 00 00 00 00 00 3A 28 3E 52 00 00 00 00 |
01:06:22.096	TX: | 00 01 00 00 00 06 01 03 00 6A 00 18 |
01:06:22.109	RX: | 00 01 00 00 00 33 01 03 30 00 00 40 40 00 00 41 C8 00 00 40 A0 00 00 41 C8 00 00 00 00 00 00 00 00 00 00 00 00 00 00 00 00 00 00 C2 C8 00 00 00 00 00 00 41 F0 00 00 41 F0 |
01:06:22.892	TX: | 00 01 00 00 00 06 01 03 00 5F 00 32 |
01:06:22.897	RX: | 00 01 00 00 00 67 01 03 64 00 00 42 48 00 00 40 A0 00 00 00 00 00 00 40 00 00 00 44 16 00 00 40 40 00 00 41 C8 00 00 40 A0 00 00 41 C8 00 00 00 00 00 00 00 00 00 00 00 00 00 00 00 00 00 00 C2 48 00 00 00 00 00 00 41 F0 00 00 41 F0 00 00 44 16 26 00 46 FA D7 72 3E 52 00 00 00 00 00 00 00 00 00 00 00 00 D7 72 3E 52 00 00 00 00 |
01:06:23.151	TX: | 00 01 00 00 00 06 01 03 00 6A 00 18 |
01:06:23.165	RX: | 00 01 00 00 00 33 01 03 30 00 00 40 40 00 00 41 C8 00 00 40 A0 00 00 41 C8 00 00 00 00 00 00 00 00 00 00 00 00 00 00 00 00 00 00 C2 C8 00 00 00 00 00 00 41 F0 00 00 41 F0 |
01:06:23.934	TX: | 00 01 00 00 00 06 01 03 00 5F 00 32 |
01:06:23.942	RX: | 00 01 00 00 00 67 01 03 64 00 00 42 48 00 00 40 A0 00 00 00 00 00 00 40 00 00 00 44 16 00 00 40 40 00 00 41 C8 00 00 40 A0 00 00 41 C8 00 00 00 00 00 00 00 00 00 00 00 00 00 00 00 00 00 00 C2 48 00 00 00 00 00 00 41 F0 00 00 41 F0 00 00 44 16 26 00 46 FA 74 BD 3E 53 00 00 00 00 00 00 00 00 00 00 00 00 74 BD 3E 53 00 00 00 00 |
01:06:24.207	TX: | 00 01 00 00 00 06 01 03 00 6A 00 18 |
01:06:24.220	RX: | 00 01 00 00 00 33 01 03 30 00 00 40 40 00 00 41 C8 00 00 40 A0 00 00 41 C8 00 00 00 00 00 00 00 00 00 00 00 00 00 00 00 00 00 00 C2 C8 00 00 00 00 00 00 41 F0 00 00 41 F0 |
01:06:24.983	TX: | 00 01 00 00 00 06 01 03 00 5F 00 32 |
01:06:24.989	RX: | 00 01 00 00 00 67 01 03 64 00 00 42 48 00 00 40 A0 00 00 00 00 00 00 40 00 00 00 44 16 00 00 40 40 00 00 41 C8 00 00 40 A0 00 00 41 C8 00 00 00 00 00 00 00 00 00 00 00 00 00 00 00 00 00 00 C2 48 00 00 00 00 00 00 41 F0 00 00 41 F0 00 00 44 16 26 00 46 FA 40 4E 3E 53 00 00 00 00 00 00 00 00 00 00 00 00 40 4E 3E 53 00 00 00 00 |
01:06:25.264	TX: | 00 01 00 00 00 06 01 03 00 6A 00 18 |
01:06:25.278	RX: | 00 01 00 00 00 33 01 03 30 00 00 40 40 00 00 41 C8 00 00 40 A0 00 00 41 C8 00 00 00 00 00 00 00 00 00 00 00 00 00 00 00 00 00 00 C2 C8 00 00 00 00 00 00 41 F0 00 00 41 F0 |
01:06:26.025	TX: | 00 01 00 00 00 06 01 03 00 5F 00 32 |
01:06:26.031	RX: | 00 01 00 00 00 67 01 03 64 00 00 42 48 00 00 40 A0 00 00 00 00 00 00 40 00 00 00 44 16 00 00 40 40 00 00 41 C8 00 00 40 A0 00 00 41 C8 00 00 00 00 00 00 00 00 00 00 00 00 00 00 00 00 00 00 C2 48 00 00 00 00 00 00 41 F0 00 00 41 F0 00 00 44 16 26 00 46 FA 8E F5 3E 53 00 00 00 00 00 00 00 00 00 00 00 00 8E F5 3E 53 00 00 00 00 |
01:06:26.321	TX: | 00 01 00 00 00 06 01 03 00 6A 00 18 |
01:06:26.336	RX: | 00 01 00 00 00 33 01 03 30 00 00 40 40 00 00 41 C8 00 00 40 A0 00 00 41 C8 00 00 00 00 00 00 00 00 00 00 00 00 00 00 00 00 00 00 C2 C8 00 00 00 00 00 00 41 F0 00 00 41 F0 |
01:06:27.065	TX: | 00 01 00 00 00 06 01 03 00 5F 00 32 |
01:06:27.071	RX: | 00 01 00 00 00 67 01 03 64 00 00 42 48 00 00 40 A0 00 00 00 00 00 00 40 00 00 00 44 16 00 00 40 40 00 00 41 C8 00 00 40 A0 00 00 41 C8 00 00 00 00 00 00 00 00 00 00 00 00 00 00 00 00 00 00 C2 48 00 00 00 00 00 00 41 F0 00 00 41 F0 00 00 44 16 26 00 46 FA A9 2A 3E 53 00 00 00 00 00 00 00 00 00 00 00 00 A9 2A 3E 53 00 00 00 00 |
01:06:27.375	TX: | 00 01 00 00 00 06 01 03 00 6A 00 18 |
01:06:27.389	RX: | 00 01 00 00 00 33 01 03 30 00 00 40 40 00 00 41 C8 00 00 40 A0 00 00 41 C8 00 00 00 00 00 00 00 00 00 00 00 00 00 00 00 00 00 00 C2 C8 00 00 00 00 00 00 41 F0 00 00 41 F0 |
01:06:28.105	TX: | 00 01 00 00 00 06 01 03 00 5F 00 32 |
01:06:28.110	RX: | 00 01 00 00 00 67 01 03 64 00 00 42 48 00 00 40 A0 00 00 00 00 00 00 40 00 00 00 44 16 00 00 40 40 00 00 41 C8 00 00 40 A0 00 00 41 C8 00 00 00 00 00 00 00 00 00 00 00 00 00 00 00 00 00 00 C2 48 00 00 00 00 00 00 41 F0 00 00 41 F0 00 00 44 16 26 00 46 FA 40 4E 3E 53 00 00 00 00 00 00 00 00 00 00 00 00 40 4E 3E 53 00 00 00 00 |
01:06:28.431	TX: | 00 01 00 00 00 06 01 03 00 6A 00 18 |
01:06:28.444	RX: | 00 01 00 00 00 33 01 03 30 00 00 40 40 00 00 41 C8 00 00 40 A0 00 00 41 C8 00 00 00 00 00 00 00 00 00 00 00 00 00 00 00 00 00 00 C2 C8 00 00 00 00 00 00 41 F0 00 00 41 F0 |
01:06:29.147	TX: | 00 01 00 00 00 06 01 03 00 5F 00 32 |
01:06:29.153	RX: | 00 01 00 00 00 67 01 03 64 00 00 42 48 00 00 40 A0 00 00 00 00 00 00 40 00 00 00 44 16 00 00 40 40 00 00 41 C8 00 00 40 A0 00 00 41 C8 00 00 00 00 00 00 00 00 00 00 00 00 00 00 00 00 00 00 C2 48 00 00 00 00 00 00 41 F0 00 00 41 F0 00 00 44 16 26 00 46 FA 5A 85 3E 53 00 00 00 00 00 00 00 00 00 00 00 00 5A 85 3E 53 00 00 00 00 |
01:06:29.486	TX: | 00 01 00 00 00 06 01 03 00 6A 00 18 |
01:06:29.501	RX: | 00 01 00 00 00 33 01 03 30 00 00 40 40 00 00 41 C8 00 00 40 A0 00 00 41 C8 00 00 00 00 00 00 00 00 00 00 00 00 00 00 00 00 00 00 C2 C8 00 00 00 00 00 00 41 F0 00 00 41 F0 |
01:06:30.200	TX: | 00 01 00 00 00 06 01 03 00 5F 00 32 |
01:06:30.205	RX: | 00 01 00 00 00 67 01 03 64 00 00 42 48 00 00 40 A0 00 00 00 00 00 00 40 00 00 00 44 16 00 00 40 40 00 00 41 C8 00 00 40 A0 00 00 41 C8 00 00 00 00 00 00 00 00 00 00 00 00 00 00 00 00 00 00 C2 48 00 00 00 00 00 00 41 F0 00 00 41 F0 00 00 44 16 26 00 46 FA 12 05 3E 54 00 00 00 00 00 00 00 00 00 00 00 00 12 05 3E 54 00 00 00 00 |
01:06:30.533	TX: | 00 01 00 00 00 06 01 03 00 6A 00 18 |
01:06:30.555	RX: | 00 01 00 00 00 33 01 03 30 00 00 40 40 00 00 41 C8 00 00 40 A0 00 00 41 C8 00 00 00 00 00 00 00 00 00 00 00 00 00 00 00 00 00 00 C2 C8 00 00 00 00 00 00 41 F0 00 00 41 F0 |
01:06:31.242	TX: | 00 01 00 00 00 06 01 03 00 5F 00 32 |
01:06:31.247	RX: | 00 01 00 00 00 67 01 03 64 00 00 42 48 00 00 40 A0 00 00 00 00 00 00 40 00 00 00 44 16 00 00 40 40 00 00 41 C8 00 00 40 A0 00 00 41 C8 00 00 00 00 00 00 00 00 00 00 00 00 00 00 00 00 00 00 C2 48 00 00 00 00 00 00 41 F0 00 00 41 F0 00 00 44 16 26 00 46 FA F7 CE 3E 53 00 00 00 00 00 00 00 00 00 00 00 00 F7 CE 3E 53 00 00 00 00 |
01:06:31.580	TX: | 00 01 00 00 00 06 01 03 00 6A 00 18 |
01:06:31.594	RX: | 00 01 00 00 00 33 01 03 30 00 00 40 40 00 00 41 C8 00 00 40 A0 00 00 41 C8 00 00 00 00 00 00 00 00 00 00 00 00 00 00 00 00 00 00 C2 C8 00 00 00 00 00 00 41 F0 00 00 41 F0 |
01:06:32.256	TX: | 00 01 00 00 00 06 01 03 00 5F 00 32 |
01:06:32.261	RX: | 00 01 00 00 00 67 01 03 64 00 00 42 48 00 00 40 A0 00 00 00 00 00 00 40 00 00 00 44 16 00 00 40 40 00 00 41 C8 00 00 40 A0 00 00 41 C8 00 00 00 00 00 00 00 00 00 00 00 00 00 00 00 00 00 00 C2 48 00 00 00 00 00 00 41 F0 00 00 41 F0 00 00 44 16 26 00 46 FA C3 60 3E 53 00 00 00 00 00 00 00 00 00 00 00 00 C3 60 3E 53 00 00 00 00 |
01:06:32.620	TX: | 00 01 00 00 00 06 01 03 00 6A 00 18 |
01:06:32.636	RX: | 00 01 00 00 00 33 01 03 30 00 00 40 40 00 00 41 C8 00 00 40 A0 00 00 41 C8 00 00 00 00 00 00 00 00 00 00 00 00 00 00 00 00 00 00 C2 C8 00 00 00 00 00 00 41 F0 00 00 41 F0 |
01:06:33.299	TX: | 00 01 00 00 00 06 01 03 00 5F 00 32 |
01:06:33.305	RX: | 00 01 00 00 00 67 01 03 64 00 00 42 48 00 00 40 A0 00 00 00 00 00 00 40 00 00 00 44 16 00 00 40 40 00 00 41 C8 00 00 40 A0 00 00 41 C8 00 00 00 00 00 00 00 00 00 00 00 00 00 00 00 00 00 00 C2 48 00 00 00 00 00 00 41 F0 00 00 41 F0 00 00 44 16 26 00 46 FA 12 05 3E 54 00 00 00 00 00 00 00 00 00 00 00 00 12 05 3E 54 00 00 00 00 |
01:06:33.440	WRITE_CALL: FC16 addr=95 values=0000 4234
01:06:33.441	TX: | 00 01 00 00 00 0B 01 10 00 5F 00 02 04 00 00 42 34 |
01:06:33.482	RX: | 00 01 00 00 00 06 01 10 00 5F 00 02 |
01:06:33.672	TX: | 00 01 00 00 00 06 01 03 00 6A 00 18 |
01:06:33.686	RX: | 00 01 00 00 00 33 01 03 30 00 00 40 40 00 00 41 C8 00 00 40 A0 00 00 41 C8 00 00 00 00 00 00 00 00 00 00 00 00 00 00 00 00 00 00 C2 C8 00 00 00 00 00 00 41 F0 00 00 41 F0 |
01:06:34.315	TX: | 00 01 00 00 00 06 01 03 00 5F 00 32 |
01:06:34.320	RX: | 00 01 00 00 00 67 01 03 64 00 00 42 34 00 00 40 A0 00 00 00 00 00 00 40 00 00 00 44 16 00 00 40 40 00 00 41 C8 00 00 40 A0 00 00 41 C8 00 00 00 00 00 00 00 00 00 00 00 00 00 00 00 00 00 00 C2 48 00 00 00 00 00 00 41 F0 00 00 41 F0 00 00 44 16 26 00 46 FA 12 05 3E 54 00 00 00 00 00 00 00 00 00 00 00 00 12 05 3E 54 00 00 00 00 |
01:06:34.715	TX: | 00 01 00 00 00 06 01 03 00 6A 00 18 |
01:06:34.737	RX: | 00 01 00 00 00 33 01 03 30 00 00 40 40 00 00 41 C8 00 00 40 A0 00 00 41 C8 00 00 00 00 00 00 00 00 00 00 00 00 00 00 00 00 00 00 C2 C8 00 00 00 00 00 00 41 F0 00 00 41 F0 |
01:06:35.366	TX: | 00 01 00 00 00 06 01 03 00 5F 00 32 |
01:06:35.372	RX: | 00 01 00 00 00 67 01 03 64 00 00 42 34 00 00 40 A0 00 00 00 00 00 00 40 00 00 00 44 16 00 00 40 40 00 00 41 C8 00 00 40 A0 00 00 41 C8 00 00 00 00 00 00 00 00 00 00 00 00 00 00 00 00 00 00 C2 48 00 00 00 00 00 00 41 F0 00 00 41 F0 00 00 44 16 26 00 46 FA 46 73 3E 54 00 00 00 00 00 00 00 00 00 00 00 00 46 73 3E 54 00 00 00 00 |
01:06:35.754	TX: | 00 01 00 00 00 06 01 03 00 6A 00 18 |
01:06:35.766	RX: | 00 01 00 00 00 33 01 03 30 00 00 40 40 00 00 41 C8 00 00 40 A0 00 00 41 C8 00 00 00 00 00 00 00 00 00 00 00 00 00 00 00 00 00 00 C2 C8 00 00 00 00 00 00 41 F0 00 00 41 F0 |
01:06:36.385	TX: | 00 01 00 00 00 06 01 03 00 5F 00 32 |
01:06:36.395	RX: | 00 01 00 00 00 67 01 03 64 00 00 42 34 00 00 40 A0 00 00 00 00 00 00 40 00 00 00 44 16 00 00 40 40 00 00 41 C8 00 00 40 A0 00 00 41 C8 00 00 00 00 00 00 00 00 00 00 00 00 00 00 00 00 00 00 C2 48 00 00 00 00 00 00 41 F0 00 00 41 F0 00 00 44 16 26 00 46 FA 7A E0 3E 54 00 00 00 00 00 00 00 00 00 00 00 00 7A E0 3E 54 00 00 00 00 |
01:06:36.797	TX: | 00 01 00 00 00 06 01 03 00 6A 00 18 |
01:06:36.810	RX: | 00 01 00 00 00 33 01 03 30 00 00 40 40 00 00 41 C8 00 00 40 A0 00 00 41 C8 00 00 00 00 00 00 00 00 00 00 00 00 00 00 00 00 00 00 C2 C8 00 00 00 00 00 00 41 F0 00 00 41 F0 |
01:06:37.435	TX: | 00 01 00 00 00 06 01 03 00 5F 00 32 |
01:06:37.475	RX: | 00 01 00 00 00 67 01 03 64 00 00 42 34 00 00 40 A0 00 00 00 00 00 00 40 00 00 00 44 16 00 00 40 40 00 00 41 C8 00 00 40 A0 00 00 41 C8 00 00 00 00 00 00 00 00 00 00 00 00 00 00 00 00 00 00 C2 48 00 00 00 00 00 00 41 F0 00 00 41 F0 00 00 44 16 26 00 46 FA C9 86 3E 54 00 00 00 00 00 00 00 00 00 00 00 00 C9 86 3E 54 00 00 00 00 |
01:06:37.852	TX: | 00 01 00 00 00 06 01 03 00 6A 00 18 |
01:06:37.865	RX: | 00 01 00 00 00 33 01 03 30 00 00 40 40 00 00 41 C8 00 00 40 A0 00 00 41 C8 00 00 00 00 00 00 00 00 00 00 00 00 00 00 00 00 00 00 C2 C8 00 00 00 00 00 00 41 F0 00 00 41 F0 |
01:06:38.550	TX: | 00 01 00 00 00 06 01 03 00 5F 00 32 |
01:06:38.588	RX: | 00 01 00 00 00 67 01 03 64 00 00 42 34 00 00 40 A0 00 00 00 00 00 00 40 00 00 00 44 16 00 00 40 40 00 00 41 C8 00 00 40 A0 00 00 41 C8 00 00 00 00 00 00 00 00 00 00 00 00 00 00 00 00 00 00 C2 48 00 00 00 00 00 00 41 F0 00 00 41 F0 00 00 44 16 26 00 46 FA E3 BD 3E 54 00 00 00 00 00 00 00 00 00 00 00 00 E3 BD 3E 54 00 00 00 00 |
01:06:38.890	TX: | 00 01 00 00 00 06 01 03 00 6A 00 18 |
01:06:38.903	RX: | 00 01 00 00 00 33 01 03 30 00 00 40 40 00 00 41 C8 00 00 40 A0 00 00 41 C8 00 00 00 00 00 00 00 00 00 00 00 00 00 00 00 00 00 00 C2 C8 00 00 00 00 00 00 41 F0 00 00 41 F0 |
01:06:39.653	TX: | 00 01 00 00 00 06 01 03 00 5F 00 32 |
01:06:39.659	RX: | 00 01 00 00 00 67 01 03 64 00 00 42 34 00 00 40 A0 00 00 00 00 00 00 40 00 00 00 44 16 00 00 40 40 00 00 41 C8 00 00 40 A0 00 00 41 C8 00 00 00 00 00 00 00 00 00 00 00 00 00 00 00 00 00 00 C2 48 00 00 00 00 00 00 41 F0 00 00 41 F0 00 00 44 16 26 00 46 FA F7 CE 3E 53 00 00 00 00 00 00 00 00 00 00 00 00 F7 CE 3E 53 00 00 00 00 |
01:06:39.931	TX: | 00 01 00 00 00 06 01 03 00 6A 00 18 |
01:06:39.945	RX: | 00 01 00 00 00 33 01 03 30 00 00 40 40 00 00 41 C8 00 00 40 A0 00 00 41 C8 00 00 00 00 00 00 00 00 00 00 00 00 00 00 00 00 00 00 C2 C8 00 00 00 00 00 00 41 F0 00 00 41 F0 |
01:06:40.707	TX: | 00 01 00 00 00 06 01 03 00 5F 00 32 |
01:06:40.714	RX: | 00 01 00 00 00 67 01 03 64 00 00 42 34 00 00 40 A0 00 00 00 00 00 00 40 00 00 00 44 16 00 00 40 40 00 00 41 C8 00 00 40 A0 00 00 41 C8 00 00 00 00 00 00 00 00 00 00 00 00 00 00 00 00 00 00 C2 48 00 00 00 00 00 00 41 F0 00 00 41 F0 00 00 44 16 26 00 46 FA F7 CE 3E 53 00 00 00 00 00 00 00 00 00 00 00 00 F7 CE 3E 53 00 00 00 00 |
01:06:40.986	TX: | 00 01 00 00 00 06 01 03 00 6A 00 18 |
01:06:41.000	RX: | 00 01 00 00 00 33 01 03 30 00 00 40 40 00 00 41 C8 00 00 40 A0 00 00 41 C8 00 00 00 00 00 00 00 00 00 00 00 00 00 00 00 00 00 00 C2 C8 00 00 00 00 00 00 41 F0 00 00 41 F0 |
01:06:41.737	TX: | 00 01 00 00 00 06 01 03 00 5F 00 32 |
01:06:41.746	RX: | 00 01 00 00 00 67 01 03 64 00 00 42 34 00 00 40 A0 00 00 00 00 00 00 40 00 00 00 44 16 00 00 40 40 00 00 41 C8 00 00 40 A0 00 00 41 C8 00 00 00 00 00 00 00 00 00 00 00 00 00 00 00 00 00 00 C2 48 00 00 00 00 00 00 41 F0 00 00 41 F0 00 00 44 16 26 00 46 FA C3 60 3E 53 00 00 00 00 00 00 00 00 00 00 00 00 C3 60 3E 53 00 00 00 00 |
01:06:42.039	TX: | 00 01 00 00 00 06 01 03 00 6A 00 18 |
01:06:42.053	RX: | 00 01 00 00 00 33 01 03 30 00 00 40 40 00 00 41 C8 00 00 40 A0 00 00 41 C8 00 00 00 00 00 00 00 00 00 00 00 00 00 00 00 00 00 00 C2 C8 00 00 00 00 00 00 41 F0 00 00 41 F0 |
01:06:42.815	TX: | 00 01 00 00 00 06 01 03 00 5F 00 32 |
01:06:42.821	RX: | 00 01 00 00 00 67 01 03 64 00 00 42 34 00 00 40 A0 00 00 00 00 00 00 40 00 00 00 44 16 00 00 40 40 00 00 41 C8 00 00 40 A0 00 00 41 C8 00 00 00 00 00 00 00 00 00 00 00 00 00 00 00 00 00 00 C2 48 00 00 00 00 00 00 41 F0 00 00 41 F0 00 00 44 16 26 00 46 FA 8E F2 3E 53 00 00 00 00 00 00 00 00 00 00 00 00 8E F2 3E 53 00 00 00 00 |
01:06:43.092	TX: | 00 01 00 00 00 06 01 03 00 6A 00 18 |
01:06:43.106	RX: | 00 01 00 00 00 33 01 03 30 00 00 40 40 00 00 41 C8 00 00 40 A0 00 00 41 C8 00 00 00 00 00 00 00 00 00 00 00 00 00 00 00 00 00 00 C2 C8 00 00 00 00 00 00 41 F0 00 00 41 F0 |
01:06:43.865	TX: | 00 01 00 00 00 06 01 03 00 5F 00 32 |
01:06:43.871	RX: | 00 01 00 00 00 67 01 03 64 00 00 42 34 00 00 40 A0 00 00 00 00 00 00 40 00 00 00 44 16 00 00 40 40 00 00 41 C8 00 00 40 A0 00 00 41 C8 00 00 00 00 00 00 00 00 00 00 00 00 00 00 00 00 00 00 C2 48 00 00 00 00 00 00 41 F0 00 00 41 F0 00 00 44 16 26 00 46 FA A9 2A 3E 53 00 00 00 00 00 00 00 00 00 00 00 00 A9 2A 3E 53 00 00 00 00 |
01:06:44.145	TX: | 00 01 00 00 00 06 01 03 00 6A 00 18 |
01:06:44.158	RX: | 00 01 00 00 00 33 01 03 30 00 00 40 40 00 00 41 C8 00 00 40 A0 00 00 41 C8 00 00 00 00 00 00 00 00 00 00 00 00 00 00 00 00 00 00 C2 C8 00 00 00 00 00 00 41 F0 00 00 41 F0 |
01:06:44.888	TX: | 00 01 00 00 00 06 01 03 00 5F 00 32 |
01:06:44.894	RX: | 00 01 00 00 00 67 01 03 64 00 00 42 34 00 00 40 A0 00 00 00 00 00 00 40 00 00 00 44 16 00 00 40 40 00 00 41 C8 00 00 40 A0 00 00 41 C8 00 00 00 00 00 00 00 00 00 00 00 00 00 00 00 00 00 00 C2 48 00 00 00 00 00 00 41 F0 00 00 41 F0 00 00 44 16 26 00 46 FA 40 4E 3E 53 00 00 00 00 00 00 00 00 00 00 00 00 40 4E 3E 53 00 00 00 00 |
01:06:45.199	TX: | 00 01 00 00 00 06 01 03 00 6A 00 18 |
01:06:45.212	RX: | 00 01 00 00 00 33 01 03 30 00 00 40 40 00 00 41 C8 00 00 40 A0 00 00 41 C8 00 00 00 00 00 00 00 00 00 00 00 00 00 00 00 00 00 00 C2 C8 00 00 00 00 00 00 41 F0 00 00 41 F0 |
01:06:45.903	TX: | 00 01 00 00 00 06 01 03 00 5F 00 32 |
01:06:45.909	RX: | 00 01 00 00 00 67 01 03 64 00 00 42 34 00 00 40 A0 00 00 00 00 00 00 40 00 00 00 44 16 00 00 40 40 00 00 41 C8 00 00 40 A0 00 00 41 C8 00 00 00 00 00 00 00 00 00 00 00 00 00 00 00 00 00 00 C2 48 00 00 00 00 00 00 41 F0 00 00 41 F0 00 00 44 16 26 00 46 FA 74 BB 3E 53 00 00 00 00 00 00 00 00 00 00 00 00 74 BB 3E 53 00 00 00 00 |
01:06:46.237	TX: | 00 01 00 00 00 06 01 03 00 6A 00 18 |
01:06:46.253	RX: | 00 01 00 00 00 33 01 03 30 00 00 40 40 00 00 41 C8 00 00 40 A0 00 00 41 C8 00 00 00 00 00 00 00 00 00 00 00 00 00 00 00 00 00 00 C2 C8 00 00 00 00 00 00 41 F0 00 00 41 F0 |
01:06:46.928	TX: | 00 01 00 00 00 06 01 03 00 5F 00 32 |
01:06:46.935	RX: | 00 01 00 00 00 67 01 03 64 00 00 42 34 00 00 40 A0 00 00 00 00 00 00 40 00 00 00 44 16 00 00 40 40 00 00 41 C8 00 00 40 A0 00 00 41 C8 00 00 00 00 00 00 00 00 00 00 00 00 00 00 00 00 00 00 C2 48 00 00 00 00 00 00 41 F0 00 00 41 F0 00 00 44 16 26 00 46 FA C3 60 3E 53 00 00 00 00 00 00 00 00 00 00 00 00 C3 60 3E 53 00 00 00 00 |
01:06:47.297	TX: | 00 01 00 00 00 06 01 03 00 6A 00 18 |
01:06:47.310	RX: | 00 01 00 00 00 33 01 03 30 00 00 40 40 00 00 41 C8 00 00 40 A0 00 00 41 C8 00 00 00 00 00 00 00 00 00 00 00 00 00 00 00 00 00 00 C2 C8 00 00 00 00 00 00 41 F0 00 00 41 F0 |
01:06:47.987	TX: | 00 01 00 00 00 06 01 03 00 5F 00 32 |
01:06:48.009	RX: | 00 01 00 00 00 67 01 03 64 00 00 42 34 00 00 40 A0 00 00 00 00 00 00 40 00 00 00 44 16 00 00 40 40 00 00 41 C8 00 00 40 A0 00 00 41 C8 00 00 00 00 00 00 00 00 00 00 00 00 00 00 00 00 00 00 C2 48 00 00 00 00 00 00 41 F0 00 00 41 F0 00 00 44 16 26 00 46 FA F7 CE 3E 53 00 00 00 00 00 00 00 00 00 00 00 00 F7 CE 3E 53 00 00 00 00 |
01:06:48.349	TX: | 00 01 00 00 00 06 01 03 00 6A 00 18 |
01:06:48.364	RX: | 00 01 00 00 00 33 01 03 30 00 00 40 40 00 00 41 C8 00 00 40 A0 00 00 41 C8 00 00 00 00 00 00 00 00 00 00 00 00 00 00 00 00 00 00 C2 C8 00 00 00 00 00 00 41 F0 00 00 41 F0 |
01:06:49.024	TX: | 00 01 00 00 00 06 01 03 00 5F 00 32 |
01:06:49.033	RX: | 00 01 00 00 00 67 01 03 64 00 00 42 34 00 00 40 A0 00 00 00 00 00 00 40 00 00 00 44 16 00 00 40 40 00 00 41 C8 00 00 40 A0 00 00 41 C8 00 00 00 00 00 00 00 00 00 00 00 00 00 00 00 00 00 00 C2 48 00 00 00 00 00 00 41 F0 00 00 41 F0 00 00 44 16 26 00 46 FA 95 18 3E 54 00 00 00 00 00 00 00 00 00 00 00 00 95 18 3E 54 00 00 00 00 |
01:06:49.404	TX: | 00 01 00 00 00 06 01 03 00 6A 00 18 |
01:06:49.417	RX: | 00 01 00 00 00 33 01 03 30 00 00 40 40 00 00 41 C8 00 00 40 A0 00 00 41 C8 00 00 00 00 00 00 00 00 00 00 00 00 00 00 00 00 00 00 C2 C8 00 00 00 00 00 00 41 F0 00 00 41 F0 |
01:06:50.072	TX: | 00 01 00 00 00 06 01 03 00 5F 00 32 |
01:06:50.078	RX: | 00 01 00 00 00 67 01 03 64 00 00 42 34 00 00 40 A0 00 00 00 00 00 00 40 00 00 00 44 16 00 00 40 40 00 00 41 C8 00 00 40 A0 00 00 41 C8 00 00 00 00 00 00 00 00 00 00 00 00 00 00 00 00 00 00 C2 48 00 00 00 00 00 00 41 F0 00 00 41 F0 00 00 44 16 26 00 46 FA E3 BD 3E 54 00 00 00 00 00 00 00 00 00 00 00 00 E3 BD 3E 54 00 00 00 00 |
01:06:50.450	TX: | 00 01 00 00 00 06 01 03 00 6A 00 18 |
01:06:50.464	RX: | 00 01 00 00 00 33 01 03 30 00 00 40 40 00 00 41 C8 00 00 40 A0 00 00 41 C8 00 00 00 00 00 00 00 00 00 00 00 00 00 00 00 00 00 00 C2 C8 00 00 00 00 00 00 41 F0 00 00 41 F0 |
01:06:51.111	TX: | 00 01 00 00 00 06 01 03 00 5F 00 32 |
01:06:51.116	RX: | 00 01 00 00 00 67 01 03 64 00 00 42 34 00 00 40 A0 00 00 00 00 00 00 40 00 00 00 44 16 00 00 40 40 00 00 41 C8 00 00 40 A0 00 00 41 C8 00 00 00 00 00 00 00 00 00 00 00 00 00 00 00 00 00 00 C2 48 00 00 00 00 00 00 41 F0 00 00 41 F0 00 00 44 16 26 00 46 FA C9 86 3E 54 00 00 00 00 00 00 00 00 00 00 00 00 C9 86 3E 54 00 00 00 00 |
01:06:51.499	TX: | 00 01 00 00 00 06 01 03 00 6A 00 18 |
01:06:51.513	RX: | 00 01 00 00 00 33 01 03 30 00 00 40 40 00 00 41 C8 00 00 40 A0 00 00 41 C8 00 00 00 00 00 00 00 00 00 00 00 00 00 00 00 00 00 00 C2 C8 00 00 00 00 00 00 41 F0 00 00 41 F0 |
01:06:52.149	TX: | 00 01 00 00 00 06 01 03 00 5F 00 32 |
01:06:52.154	RX: | 00 01 00 00 00 67 01 03 64 00 00 42 34 00 00 40 A0 00 00 00 00 00 00 40 00 00 00 44 16 00 00 40 40 00 00 41 C8 00 00 40 A0 00 00 41 C8 00 00 00 00 00 00 00 00 00 00 00 00 00 00 00 00 00 00 C2 48 00 00 00 00 00 00 41 F0 00 00 41 F0 00 00 44 16 26 00 46 FA 4C 9A 3E 55 00 00 00 00 00 00 00 00 00 00 00 00 4C 9A 3E 55 00 00 00 00 |
01:06:52.552	TX: | 00 01 00 00 00 06 01 03 00 6A 00 18 |
01:06:52.565	RX: | 00 01 00 00 00 33 01 03 30 00 00 40 40 00 00 41 C8 00 00 40 A0 00 00 41 C8 00 00 00 00 00 00 00 00 00 00 00 00 00 00 00 00 00 00 C2 C8 00 00 00 00 00 00 41 F0 00 00 41 F0 |
01:06:53.164	TX: | 00 01 00 00 00 06 01 03 00 5F 00 32 |
01:06:53.169	RX: | 00 01 00 00 00 67 01 03 64 00 00 42 34 00 00 40 A0 00 00 00 00 00 00 40 00 00 00 44 16 00 00 40 40 00 00 41 C8 00 00 40 A0 00 00 41 C8 00 00 00 00 00 00 00 00 00 00 00 00 00 00 00 00 00 00 C2 48 00 00 00 00 00 00 41 F0 00 00 41 F0 00 00 44 16 26 00 46 FA 4C 98 3E 55 00 00 00 00 00 00 00 00 00 00 00 00 4C 98 3E 55 00 00 00 00 |
01:06:53.608	TX: | 00 01 00 00 00 06 01 03 00 6A 00 18 |
01:06:53.622	RX: | 00 01 00 00 00 33 01 03 30 00 00 40 40 00 00 41 C8 00 00 40 A0 00 00 41 C8 00 00 00 00 00 00 00 00 00 00 00 00 00 00 00 00 00 00 C2 C8 00 00 00 00 00 00 41 F0 00 00 41 F0 |
01:06:54.215	TX: | 00 01 00 00 00 06 01 03 00 5F 00 32 |
01:06:54.220	RX: | 00 01 00 00 00 67 01 03 64 00 00 42 34 00 00 40 A0 00 00 00 00 00 00 40 00 00 00 44 16 00 00 40 40 00 00 41 C8 00 00 40 A0 00 00 41 C8 00 00 00 00 00 00 00 00 00 00 00 00 00 00 00 00 00 00 C2 48 00 00 00 00 00 00 41 F0 00 00 41 F0 00 00 44 16 26 00 46 FA 95 18 3E 54 00 00 00 00 00 00 00 00 00 00 00 00 95 18 3E 54 00 00 00 00 |
01:06:54.665	TX: | 00 01 00 00 00 06 01 03 00 6A 00 18 |
01:06:54.681	RX: | 00 01 00 00 00 33 01 03 30 00 00 40 40 00 00 41 C8 00 00 40 A0 00 00 41 C8 00 00 00 00 00 00 00 00 00 00 00 00 00 00 00 00 00 00 C2 C8 00 00 00 00 00 00 41 F0 00 00 41 F0 |
01:06:55.254	TX: | 00 01 00 00 00 06 01 03 00 5F 00 32 |
01:06:55.259	RX: | 00 01 00 00 00 67 01 03 64 00 00 42 34 00 00 40 A0 00 00 00 00 00 00 40 00 00 00 44 16 00 00 40 40 00 00 41 C8 00 00 40 A0 00 00 41 C8 00 00 00 00 00 00 00 00 00 00 00 00 00 00 00 00 00 00 C2 48 00 00 00 00 00 00 41 F0 00 00 41 F0 00 00 44 16 26 00 46 FA AF 4E 3E 54 00 00 00 00 00 00 00 00 00 00 00 00 AF 4E 3E 54 00 00 00 00 |
01:06:55.700	TX: | 00 01 00 00 00 06 01 03 00 6A 00 18 |
01:06:55.716	RX: | 00 01 00 00 00 33 01 03 30 00 00 40 40 00 00 41 C8 00 00 40 A0 00 00 41 C8 00 00 00 00 00 00 00 00 00 00 00 00 00 00 00 00 00 00 C2 C8 00 00 00 00 00 00 41 F0 00 00 41 F0 |
01:06:56.293	TX: | 00 01 00 00 00 06 01 03 00 5F 00 32 |
01:06:56.298	RX: | 00 01 00 00 00 67 01 03 64 00 00 42 34 00 00 40 A0 00 00 00 00 00 00 40 00 00 00 44 16 00 00 40 40 00 00 41 C8 00 00 40 A0 00 00 41 C8 00 00 00 00 00 00 00 00 00 00 00 00 00 00 00 00 00 00 C2 48 00 00 00 00 00 00 41 F0 00 00 41 F0 00 00 44 16 26 00 46 FA 2C 3B 3E 54 00 00 00 00 00 00 00 00 00 00 00 00 2C 3B 3E 54 00 00 00 00 |
01:06:56.586	WRITE_CALL: FC16 addr=95 values=0000 4248
01:06:56.586	TX: | 00 01 00 00 00 0B 01 10 00 5F 00 02 04 00 00 42 48 |
01:06:56.592	RX: | 00 01 00 00 00 06 01 10 00 5F 00 02 |
01:06:56.738	TX: | 00 01 00 00 00 06 01 03 00 6A 00 18 |
01:06:56.755	RX: | 00 01 00 00 00 33 01 03 30 00 00 40 40 00 00 41 C8 00 00 40 A0 00 00 41 C8 00 00 00 00 00 00 00 00 00 00 00 00 00 00 00 00 00 00 C2 C8 00 00 00 00 00 00 41 F0 00 00 41 F0 |
01:06:57.319	TX: | 00 01 00 00 00 06 01 03 00 5F 00 32 |
01:06:57.327	RX: | 00 01 00 00 00 67 01 03 64 00 00 42 48 00 00 40 A0 00 00 00 00 00 00 40 00 00 00 44 16 00 00 40 40 00 00 41 C8 00 00 40 A0 00 00 41 C8 00 00 00 00 00 00 00 00 00 00 00 00 00 00 00 00 00 00 C2 48 00 00 00 00 00 00 41 F0 00 00 41 F0 00 00 44 16 26 00 46 FA DD 98 3E 53 00 00 00 00 00 00 00 00 00 00 00 00 DD 98 3E 53 00 00 00 00 |
01:06:57.795	TX: | 00 01 00 00 00 06 01 03 00 6A 00 18 |
01:06:57.809	RX: | 00 01 00 00 00 33 01 03 30 00 00 40 40 00 00 41 C8 00 00 40 A0 00 00 41 C8 00 00 00 00 00 00 00 00 00 00 00 00 00 00 00 00 00 00 C2 C8 00 00 00 00 00 00 41 F0 00 00 41 F0 |
01:06:58.367	TX: | 00 01 00 00 00 06 01 03 00 5F 00 32 |
01:06:58.374	RX: | 00 01 00 00 00 67 01 03 64 00 00 42 48 00 00 40 A0 00 00 00 00 00 00 40 00 00 00 44 16 00 00 40 40 00 00 41 C8 00 00 40 A0 00 00 41 C8 00 00 00 00 00 00 00 00 00 00 00 00 00 00 00 00 00 00 C2 48 00 00 00 00 00 00 41 F0 00 00 41 F0 00 00 44 16 26 00 46 FA DD 98 3E 53 00 00 00 00 00 00 00 00 00 00 00 00 DD 98 3E 53 00 00 00 00 |
01:06:58.845	TX: | 00 01 00 00 00 06 01 03 00 6A 00 18 |
01:06:58.860	RX: | 00 01 00 00 00 33 01 03 30 00 00 40 40 00 00 41 C8 00 00 40 A0 00 00 41 C8 00 00 00 00 00 00 00 00 00 00 00 00 00 00 00 00 00 00 C2 C8 00 00 00 00 00 00 41 F0 00 00 41 F0 |
01:06:59.404	TX: | 00 01 00 00 00 06 01 03 00 5F 00 32 |
01:06:59.409	RX: | 00 01 00 00 00 67 01 03 64 00 00 42 48 00 00 40 A0 00 00 00 00 00 00 40 00 00 00 44 16 00 00 40 40 00 00 41 C8 00 00 40 A0 00 00 41 C8 00 00 00 00 00 00 00 00 00 00 00 00 00 00 00 00 00 00 C2 48 00 00 00 00 00 00 41 F0 00 00 41 F0 00 00 44 16 26 00 46 FA DD 98 3E 53 00 00 00 00 00 00 00 00 00 00 00 00 DD 98 3E 53 00 00 00 00 |
01:06:59.884	TX: | 00 01 00 00 00 06 01 03 00 6A 00 18 |
01:06:59.898	RX: | 00 01 00 00 00 33 01 03 30 00 00 40 40 00 00 41 C8 00 00 40 A0 00 00 41 C8 00 00 00 00 00 00 00 00 00 00 00 00 00 00 00 00 00 00 C2 C8 00 00 00 00 00 00 41 F0 00 00 41 F0 |
01:07:00.442	TX: | 00 01 00 00 00 06 01 03 00 5F 00 32 |
01:07:00.447	RX: | 00 01 00 00 00 67 01 03 64 00 00 42 48 00 00 40 A0 00 00 00 00 00 00 40 00 00 00 44 16 00 00 40 40 00 00 41 C8 00 00 40 A0 00 00 41 C8 00 00 00 00 00 00 00 00 00 00 00 00 00 00 00 00 00 00 C2 48 00 00 00 00 00 00 41 F0 00 00 41 F0 00 00 44 16 26 00 46 FA DD 98 3E 53 00 00 00 00 00 00 00 00 00 00 00 00 DD 98 3E 53 00 00 00 00 |
01:07:00.951	TX: | 00 01 00 00 00 06 01 03 00 6A 00 18 |
01:07:00.972	RX: | 00 01 00 00 00 33 01 03 30 00 00 40 40 00 00 41 C8 00 00 40 A0 00 00 41 C8 00 00 00 00 00 00 00 00 00 00 00 00 00 00 00 00 00 00 C2 C8 00 00 00 00 00 00 41 F0 00 00 41 F0 |
01:07:01.483	TX: | 00 01 00 00 00 06 01 03 00 5F 00 32 |
01:07:01.488	RX: | 00 01 00 00 00 67 01 03 64 00 00 42 48 00 00 40 A0 00 00 00 00 00 00 40 00 00 00 44 16 00 00 40 40 00 00 41 C8 00 00 40 A0 00 00 41 C8 00 00 00 00 00 00 00 00 00 00 00 00 00 00 00 00 00 00 C2 48 00 00 00 00 00 00 41 F0 00 00 41 F0 00 00 44 16 26 00 46 FA F7 CE 3E 53 00 00 00 00 00 00 00 00 00 00 00 00 F7 CE 3E 53 00 00 00 00 |
01:07:02.010	TX: | 00 01 00 00 00 06 01 03 00 6A 00 18 |
01:07:02.024	RX: | 00 01 00 00 00 33 01 03 30 00 00 40 40 00 00 41 C8 00 00 40 A0 00 00 41 C8 00 00 00 00 00 00 00 00 00 00 00 00 00 00 00 00 00 00 C2 C8 00 00 00 00 00 00 41 F0 00 00 41 F0 |
01:07:02.523	TX: | 00 01 00 00 00 06 01 03 00 5F 00 32 |
01:07:02.529	RX: | 00 01 00 00 00 67 01 03 64 00 00 42 48 00 00 40 A0 00 00 00 00 00 00 40 00 00 00 44 16 00 00 40 40 00 00 41 C8 00 00 40 A0 00 00 41 C8 00 00 00 00 00 00 00 00 00 00 00 00 00 00 00 00 00 00 C2 48 00 00 00 00 00 00 41 F0 00 00 41 F0 00 00 44 16 26 00 46 FA A9 2B 3E 53 00 00 00 00 00 00 00 00 00 00 00 00 A9 2B 3E 53 00 00 00 00 |
01:07:03.064	TX: | 00 01 00 00 00 06 01 03 00 6A 00 18 |
01:07:03.078	RX: | 00 01 00 00 00 33 01 03 30 00 00 40 40 00 00 41 C8 00 00 40 A0 00 00 41 C8 00 00 00 00 00 00 00 00 00 00 00 00 00 00 00 00 00 00 C2 C8 00 00 00 00 00 00 41 F0 00 00 41 F0 |
01:07:03.562	TX: | 00 01 00 00 00 06 01 03 00 5F 00 32 |
01:07:03.567	RX: | 00 01 00 00 00 67 01 03 64 00 00 42 48 00 00 40 A0 00 00 00 00 00 00 40 00 00 00 44 16 00 00 40 40 00 00 41 C8 00 00 40 A0 00 00 41 C8 00 00 00 00 00 00 00 00 00 00 00 00 00 00 00 00 00 00 C2 48 00 00 00 00 00 00 41 F0 00 00 41 F0 00 00 44 16 26 00 46 FA 74 BD 3E 53 00 00 00 00 00 00 00 00 00 00 00 00 74 BD 3E 53 00 00 00 00 |
01:07:04.120	TX: | 00 01 00 00 00 06 01 03 00 6A 00 18 |
01:07:04.132	RX: | 00 01 00 00 00 33 01 03 30 00 00 40 40 00 00 41 C8 00 00 40 A0 00 00 41 C8 00 00 00 00 00 00 00 00 00 00 00 00 00 00 00 00 00 00 C2 C8 00 00 00 00 00 00 41 F0 00 00 41 F0 |
01:07:04.600	TX: | 00 01 00 00 00 06 01 03 00 5F 00 32 |
01:07:04.605	RX: | 00 01 00 00 00 67 01 03 64 00 00 42 48 00 00 40 A0 00 00 00 00 00 00 40 00 00 00 44 16 00 00 40 40 00 00 41 C8 00 00 40 A0 00 00 41 C8 00 00 00 00 00 00 00 00 00 00 00 00 00 00 00 00 00 00 C2 48 00 00 00 00 00 00 41 F0 00 00 41 F0 00 00 44 16 26 00 46 FA F7 CE 3E 53 00 00 00 00 00 00 00 00 00 00 00 00 F7 CE 3E 53 00 00 00 00 |
01:07:05.174	TX: | 00 01 00 00 00 06 01 03 00 6A 00 18 |
01:07:05.187	RX: | 00 01 00 00 00 33 01 03 30 00 00 40 40 00 00 41 C8 00 00 40 A0 00 00 41 C8 00 00 00 00 00 00 00 00 00 00 00 00 00 00 00 00 00 00 C2 C8 00 00 00 00 00 00 41 F0 00 00 41 F0 |
01:07:05.639	TX: | 00 01 00 00 00 06 01 03 00 5F 00 32 |
01:07:05.644	RX: | 00 01 00 00 00 67 01 03 64 00 00 42 48 00 00 40 A0 00 00 00 00 00 00 40 00 00 00 44 16 00 00 40 40 00 00 41 C8 00 00 40 A0 00 00 41 C8 00 00 00 00 00 00 00 00 00 00 00 00 00 00 00 00 00 00 C2 48 00 00 00 00 00 00 41 F0 00 00 41 F0 00 00 44 16 26 00 46 FA 2C 3D 3E 54 00 00 00 00 00 00 00 00 00 00 00 00 12 05 3E 54 00 00 00 00 |
01:07:06.231	TX: | 00 01 00 00 00 06 01 03 00 6A 00 18 |
01:07:06.244	RX: | 00 01 00 00 00 33 01 03 30 00 00 40 40 00 00 41 C8 00 00 40 A0 00 00 41 C8 00 00 00 00 00 00 00 00 00 00 00 00 00 00 00 00 00 00 C2 C8 00 00 00 00 00 00 41 F0 00 00 41 F0 |
01:07:06.680	TX: | 00 01 00 00 00 06 01 03 00 5F 00 32 |
01:07:06.687	RX: | 00 01 00 00 00 67 01 03 64 00 00 42 48 00 00 40 A0 00 00 00 00 00 00 40 00 00 00 44 16 00 00 40 40 00 00 41 C8 00 00 40 A0 00 00 41 C8 00 00 00 00 00 00 00 00 00 00 00 00 00 00 00 00 00 00 C2 48 00 00 00 00 00 00 41 F0 00 00 41 F0 00 00 44 16 26 00 46 FA C3 60 3E 53 00 00 00 00 00 00 00 00 00 00 00 00 C3 60 3E 53 4A 00 B9 9D |
01:07:07.287	TX: | 00 01 00 00 00 06 01 03 00 6A 00 18 |
01:07:07.301	RX: | 00 01 00 00 00 33 01 03 30 00 00 40 40 00 00 41 C8 00 00 40 A0 00 00 41 C8 00 00 00 00 00 00 00 00 00 00 00 00 00 00 00 00 00 00 C2 C8 00 00 00 00 00 00 41 F0 00 00 41 F0 |
01:07:07.722	TX: | 00 01 00 00 00 06 01 03 00 5F 00 32 |
01:07:07.727	RX: | 00 01 00 00 00 67 01 03 64 00 00 42 48 00 00 40 A0 00 00 00 00 00 00 40 00 00 00 44 16 00 00 40 40 00 00 41 C8 00 00 40 A0 00 00 41 C8 00 00 00 00 00 00 00 00 00 00 00 00 00 00 00 00 00 00 C2 48 00 00 00 00 00 00 41 F0 00 00 41 F0 00 00 44 16 26 00 46 FA 40 4E 3E 53 00 00 00 00 00 00 00 00 00 00 00 00 40 4E 3E 53 00 00 00 00 |
01:07:08.342	TX: | 00 01 00 00 00 06 01 03 00 6A 00 18 |
01:07:08.356	RX: | 00 01 00 00 00 33 01 03 30 00 00 40 40 00 00 41 C8 00 00 40 A0 00 00 41 C8 00 00 00 00 00 00 00 00 00 00 00 00 00 00 00 00 00 00 C2 C8 00 00 00 00 00 00 41 F0 00 00 41 F0 |
01:07:08.746	TX: | 00 01 00 00 00 06 01 03 00 5F 00 32 |
01:07:08.752	RX: | 00 01 00 00 00 67 01 03 64 00 00 42 48 00 00 40 A0 00 00 00 00 00 00 40 00 00 00 44 16 00 00 40 40 00 00 41 C8 00 00 40 A0 00 00 41 C8 00 00 00 00 00 00 00 00 00 00 00 00 00 00 00 00 00 00 C2 48 00 00 00 00 00 00 41 F0 00 00 41 F0 00 00 44 16 26 00 46 FA BD 3D 3E 52 00 00 00 00 00 00 00 00 00 00 00 00 BD 3D 3E 52 00 00 00 00 |
01:07:09.380	TX: | 00 01 00 00 00 06 01 03 00 6A 00 18 |
01:07:09.394	RX: | 00 01 00 00 00 33 01 03 30 00 00 40 40 00 00 41 C8 00 00 40 A0 00 00 41 C8 00 00 00 00 00 00 00 00 00 00 00 00 00 00 00 00 00 00 C2 C8 00 00 00 00 00 00 41 F0 00 00 41 F0 |
01:07:09.798	TX: | 00 01 00 00 00 06 01 03 00 5F 00 32 |
01:07:09.804	RX: | 00 01 00 00 00 67 01 03 64 00 00 42 48 00 00 40 A0 00 00 00 00 00 00 40 00 00 00 44 16 00 00 40 40 00 00 41 C8 00 00 40 A0 00 00 41 C8 00 00 00 00 00 00 00 00 00 00 00 00 00 00 00 00 00 00 C2 48 00 00 00 00 00 00 41 F0 00 00 41 F0 00 00 44 16 26 00 46 FA 54 60 3E 52 00 00 00 00 00 00 00 00 00 00 00 00 54 60 3E 52 00 00 00 00 |
01:07:10.415	TX: | 00 01 00 00 00 06 01 03 00 6A 00 18 |
01:07:10.428	RX: | 00 01 00 00 00 33 01 03 30 00 00 40 40 00 00 41 C8 00 00 40 A0 00 00 41 C8 00 00 00 00 00 00 00 00 00 00 00 00 00 00 00 00 00 00 C2 C8 00 00 00 00 00 00 41 F0 00 00 41 F0 |
01:07:10.847	TX: | 00 01 00 00 00 06 01 03 00 5F 00 32 |
01:07:10.853	RX: | 00 01 00 00 00 67 01 03 64 00 00 42 48 00 00 40 A0 00 00 00 00 00 00 40 00 00 00 44 16 00 00 40 40 00 00 41 C8 00 00 40 A0 00 00 41 C8 00 00 00 00 00 00 00 00 00 00 00 00 00 00 00 00 00 00 C2 48 00 00 00 00 00 00 41 F0 00 00 41 F0 00 00 44 16 26 00 46 FA 3A 2A 3E 52 00 00 00 00 00 00 00 00 00 00 00 00 3A 2A 3E 52 00 00 00 00 |
01:07:11.468	TX: | 00 01 00 00 00 06 01 03 00 6A 00 18 |
01:07:11.482	RX: | 00 01 00 00 00 33 01 03 30 00 00 40 40 00 00 41 C8 00 00 40 A0 00 00 41 C8 00 00 00 00 00 00 00 00 00 00 00 00 00 00 00 00 00 00 C2 C8 00 00 00 00 00 00 41 F0 00 00 41 F0 |
01:07:11.889	TX: | 00 01 00 00 00 06 01 03 00 5F 00 32 |
01:07:11.894	RX: | 00 01 00 00 00 67 01 03 64 00 00 42 48 00 00 40 A0 00 00 00 00 00 00 40 00 00 00 44 16 00 00 40 40 00 00 41 C8 00 00 40 A0 00 00 41 C8 00 00 00 00 00 00 00 00 00 00 00 00 00 00 00 00 00 00 C2 48 00 00 00 00 00 00 41 F0 00 00 41 F0 00 00 44 16 26 00 46 FA 3A 2A 3E 52 00 00 00 00 00 00 00 00 00 00 00 00 3A 2A 3E 52 00 00 00 00 |
01:07:12.524	TX: | 00 01 00 00 00 06 01 03 00 6A 00 18 |
01:07:12.538	RX: | 00 01 00 00 00 33 01 03 30 00 00 40 40 00 00 41 C8 00 00 40 A0 00 00 41 C8 00 00 00 00 00 00 00 00 00 00 00 00 00 00 00 00 00 00 C2 C8 00 00 00 00 00 00 41 F0 00 00 41 F0 |
01:07:12.927	TX: | 00 01 00 00 00 06 01 03 00 5F 00 32 |
01:07:12.933	RX: | 00 01 00 00 00 67 01 03 64 00 00 42 48 00 00 40 A0 00 00 00 00 00 00 40 00 00 00 44 16 00 00 40 40 00 00 41 C8 00 00 40 A0 00 00 41 C8 00 00 00 00 00 00 00 00 00 00 00 00 00 00 00 00 00 00 C2 48 00 00 00 00 00 00 41 F0 00 00 41 F0 00 00 44 16 26 00 46 FA 1F F3 3E 52 00 00 00 00 00 00 00 00 00 00 00 00 1F F3 3E 52 00 00 00 00 |
01:07:13.072	WRITE_CALL: FC16 addr=95 values=0000 4234
01:07:13.072	TX: | 00 01 00 00 00 0B 01 10 00 5F 00 02 04 00 00 42 34 |
01:07:13.112	RX: | 00 01 00 00 00 06 01 10 00 5F 00 02 |
01:07:13.578	TX: | 00 01 00 00 00 06 01 03 00 6A 00 18 |
01:07:13.591	RX: | 00 01 00 00 00 33 01 03 30 00 00 40 40 00 00 41 C8 00 00 40 A0 00 00 41 C8 00 00 00 00 00 00 00 00 00 00 00 00 00 00 00 00 00 00 C2 C8 00 00 00 00 00 00 41 F0 00 00 41 F0 |
01:07:13.941	TX: | 00 01 00 00 00 06 01 03 00 5F 00 32 |
01:07:13.948	RX: | 00 01 00 00 00 67 01 03 64 00 00 42 34 00 00 40 A0 00 00 00 00 00 00 40 00 00 00 44 16 00 00 40 40 00 00 41 C8 00 00 40 A0 00 00 41 C8 00 00 00 00 00 00 00 00 00 00 00 00 00 00 00 00 00 00 C2 48 00 00 00 00 00 00 41 F0 00 00 41 F0 00 00 44 16 26 00 46 FA 05 BD 3E 52 00 00 00 00 00 00 00 00 00 00 00 00 05 BD 3E 52 00 00 00 00 |
01:07:14.634	TX: | 00 01 00 00 00 06 01 03 00 6A 00 18 |
01:07:14.649	RX: | 00 01 00 00 00 33 01 03 30 00 00 40 40 00 00 41 C8 00 00 40 A0 00 00 41 C8 00 00 00 00 00 00 00 00 00 00 00 00 00 00 00 00 00 00 C2 C8 00 00 00 00 00 00 41 F0 00 00 41 F0 |
01:07:14.994	TX: | 00 01 00 00 00 06 01 03 00 5F 00 32 |
01:07:15.000	RX: | 00 01 00 00 00 67 01 03 64 00 00 42 34 00 00 40 A0 00 00 00 00 00 00 40 00 00 00 44 16 00 00 40 40 00 00 41 C8 00 00 40 A0 00 00 41 C8 00 00 00 00 00 00 00 00 00 00 00 00 00 00 00 00 00 00 C2 48 00 00 00 00 00 00 41 F0 00 00 41 F0 00 00 44 16 26 00 46 FA 05 BD 3E 52 00 00 00 00 00 00 00 00 00 00 00 00 05 BD 3E 52 00 00 00 00 |
01:07:15.689	TX: | 00 01 00 00 00 06 01 03 00 6A 00 18 |
01:07:15.703	RX: | 00 01 00 00 00 33 01 03 30 00 00 40 40 00 00 41 C8 00 00 40 A0 00 00 41 C8 00 00 00 00 00 00 00 00 00 00 00 00 00 00 00 00 00 00 C2 C8 00 00 00 00 00 00 41 F0 00 00 41 F0 |
01:07:16.043	TX: | 00 01 00 00 00 06 01 03 00 5F 00 32 |
01:07:16.084	RX: | 00 01 00 00 00 67 01 03 64 00 00 42 34 00 00 40 A0 00 00 00 00 00 00 40 00 00 00 44 16 00 00 40 40 00 00 41 C8 00 00 40 A0 00 00 41 C8 00 00 00 00 00 00 00 00 00 00 00 00 00 00 00 00 00 00 C2 48 00 00 00 00 00 00 41 F0 00 00 41 F0 00 00 44 16 26 00 46 FA 05 BD 3E 52 00 00 00 00 00 00 00 00 00 00 00 00 05 BD 3E 52 00 00 00 00 |
01:07:16.741	TX: | 00 01 00 00 00 06 01 03 00 6A 00 18 |
01:07:16.754	RX: | 00 01 00 00 00 33 01 03 30 00 00 40 40 00 00 41 C8 00 00 40 A0 00 00 41 C8 00 00 00 00 00 00 00 00 00 00 00 00 00 00 00 00 00 00 C2 C8 00 00 00 00 00 00 41 F0 00 00 41 F0 |
01:07:17.140	TX: | 00 01 00 00 00 06 01 03 00 5F 00 32 |
01:07:17.181	RX: | 00 01 00 00 00 67 01 03 64 00 00 42 34 00 00 40 A0 00 00 00 00 00 00 40 00 00 00 44 16 00 00 40 40 00 00 41 C8 00 00 40 A0 00 00 41 C8 00 00 00 00 00 00 00 00 00 00 00 00 00 00 00 00 00 00 C2 48 00 00 00 00 00 00 41 F0 00 00 41 F0 00 00 44 16 26 00 46 FA 05 BD 3E 52 00 00 00 00 00 00 00 00 00 00 00 00 05 BD 3E 52 00 00 00 00 |
01:07:17.798	TX: | 00 01 00 00 00 06 01 03 00 6A 00 18 |
01:07:17.811	RX: | 00 01 00 00 00 33 01 03 30 00 00 40 40 00 00 41 C8 00 00 40 A0 00 00 41 C8 00 00 00 00 00 00 00 00 00 00 00 00 00 00 00 00 00 00 C2 C8 00 00 00 00 00 00 41 F0 00 00 41 F0 |
01:07:18.192	TX: | 00 01 00 00 00 06 01 03 00 5F 00 32 |
01:07:18.203	RX: | 00 01 00 00 00 67 01 03 64 00 00 42 34 00 00 40 A0 00 00 00 00 00 00 40 00 00 00 44 16 00 00 40 40 00 00 41 C8 00 00 40 A0 00 00 41 C8 00 00 00 00 00 00 00 00 00 00 00 00 00 00 00 00 00 00 C2 48 00 00 00 00 00 00 41 F0 00 00 41 F0 00 00 44 16 26 00 46 FA 1F F2 3E 52 00 00 00 00 00 00 00 00 00 00 00 00 1F F2 3E 52 00 00 00 00 |
01:07:18.752	WRITE_CALL: FC16 addr=95 values=0000 4248
01:07:18.752	TX: | 00 01 00 00 00 0B 01 10 00 5F 00 02 04 00 00 42 48 |
01:07:18.793	RX: | 00 01 00 00 00 06 01 10 00 5F 00 02 |
01:07:18.834	TX: | 00 01 00 00 00 06 01 03 00 6A 00 18 |
01:07:18.848	RX: | 00 01 00 00 00 33 01 03 30 00 00 40 40 00 00 41 C8 00 00 40 A0 00 00 41 C8 00 00 00 00 00 00 00 00 00 00 00 00 00 00 00 00 00 00 C2 C8 00 00 00 00 00 00 41 F0 00 00 41 F0 |
01:07:19.270	TX: | 00 01 00 00 00 06 01 03 00 5F 00 32 |
01:07:19.310	RX: | 00 01 00 00 00 67 01 03 64 00 00 42 48 00 00 40 A0 00 00 00 00 00 00 40 00 00 00 44 16 00 00 40 40 00 00 41 C8 00 00 40 A0 00 00 41 C8 00 00 00 00 00 00 00 00 00 00 00 00 00 00 00 00 00 00 C2 48 00 00 00 00 00 00 41 F0 00 00 41 F0 00 00 44 16 26 00 46 FA A3 05 3E 52 00 00 00 00 00 00 00 00 00 00 00 00 A3 05 3E 52 00 00 00 00 |
01:07:19.889	TX: | 00 01 00 00 00 06 01 03 00 6A 00 18 |
01:07:19.902	RX: | 00 01 00 00 00 33 01 03 30 00 00 40 40 00 00 41 C8 00 00 40 A0 00 00 41 C8 00 00 00 00 00 00 00 00 00 00 00 00 00 00 00 00 00 00 C2 C8 00 00 00 00 00 00 41 F0 00 00 41 F0 |
01:07:20.352	TX: | 00 01 00 00 00 06 01 03 00 5F 00 32 |
01:07:20.357	RX: | 00 01 00 00 00 67 01 03 64 00 00 42 48 00 00 40 A0 00 00 00 00 00 00 40 00 00 00 44 16 00 00 40 40 00 00 41 C8 00 00 40 A0 00 00 41 C8 00 00 00 00 00 00 00 00 00 00 00 00 00 00 00 00 00 00 C2 48 00 00 00 00 00 00 41 F0 00 00 41 F0 00 00 44 16 26 00 46 FA 0B E0 3E 53 00 00 00 00 00 00 00 00 00 00 00 00 0B E0 3E 53 00 00 00 00 |
01:07:20.938	TX: | 00 01 00 00 00 06 01 03 00 6A 00 18 |
01:07:20.952	RX: | 00 01 00 00 00 33 01 03 30 00 00 40 40 00 00 41 C8 00 00 40 A0 00 00 41 C8 00 00 00 00 00 00 00 00 00 00 00 00 00 00 00 00 00 00 C2 C8 00 00 00 00 00 00 41 F0 00 00 41 F0 |
01:07:21.389	TX: | 00 01 00 00 00 06 01 03 00 5F 00 32 |
01:07:21.395	RX: | 00 01 00 00 00 67 01 03 64 00 00 42 48 00 00 40 A0 00 00 00 00 00 00 40 00 00 00 44 16 00 00 40 40 00 00 41 C8 00 00 40 A0 00 00 41 C8 00 00 00 00 00 00 00 00 00 00 00 00 00 00 00 00 00 00 C2 48 00 00 00 00 00 00 41 F0 00 00 41 F0 00 00 44 16 26 00 46 FA 0B E0 3E 53 00 00 00 00 00 00 00 00 00 00 00 00 0B E0 3E 53 00 00 00 00 |
01:07:21.993	TX: | 00 01 00 00 00 06 01 03 00 6A 00 18 |
01:07:22.007	RX: | 00 01 00 00 00 33 01 03 30 00 00 40 40 00 00 41 C8 00 00 40 A0 00 00 41 C8 00 00 00 00 00 00 00 00 00 00 00 00 00 00 00 00 00 00 C2 C8 00 00 00 00 00 00 41 F0 00 00 41 F0 |
01:07:22.441	TX: | 00 01 00 00 00 06 01 03 00 5F 00 32 |
01:07:22.446	RX: | 00 01 00 00 00 67 01 03 64 00 00 42 48 00 00 40 A0 00 00 00 00 00 00 40 00 00 00 44 16 00 00 40 40 00 00 41 C8 00 00 40 A0 00 00 41 C8 00 00 00 00 00 00 00 00 00 00 00 00 00 00 00 00 00 00 C2 48 00 00 00 00 00 00 41 F0 00 00 41 F0 00 00 44 16 26 00 46 FA 8E F3 3E 53 00 00 00 00 00 00 00 00 00 00 00 00 8E F3 3E 53 00 00 00 00 |
01:07:23.123	TX: | 00 01 00 00 00 06 01 03 00 6A 00 18 |
01:07:23.136	RX: | 00 01 00 00 00 33 01 03 30 00 00 40 40 00 00 41 C8 00 00 40 A0 00 00 41 C8 00 00 00 00 00 00 00 00 00 00 00 00 00 00 00 00 00 00 C2 C8 00 00 00 00 00 00 41 F0 00 00 41 F0 |
01:07:23.457	TX: | 00 01 00 00 00 06 01 03 00 5F 00 32 |
01:07:23.467	RX: | 00 01 00 00 00 67 01 03 64 00 00 42 48 00 00 40 A0 00 00 00 00 00 00 40 00 00 00 44 16 00 00 40 40 00 00 41 C8 00 00 40 A0 00 00 41 C8 00 00 00 00 00 00 00 00 00 00 00 00 00 00 00 00 00 00 C2 48 00 00 00 00 00 00 41 F0 00 00 41 F0 00 00 44 16 26 00 46 FA 12 06 3E 54 00 00 00 00 00 00 00 00 00 00 00 00 12 06 3E 54 00 00 00 00 |
01:07:24.163	TX: | 00 01 00 00 00 06 01 03 00 6A 00 18 |
01:07:24.183	RX: | 00 01 00 00 00 33 01 03 30 00 00 40 40 00 00 41 C8 00 00 40 A0 00 00 41 C8 00 00 00 00 00 00 00 00 00 00 00 00 00 00 00 00 00 00 C2 C8 00 00 00 00 00 00 41 F0 00 00 41 F0 |
01:07:24.483	TX: | 00 01 00 00 00 06 01 03 00 5F 00 32 |
01:07:24.490	RX: | 00 01 00 00 00 67 01 03 64 00 00 42 48 00 00 40 A0 00 00 00 00 00 00 40 00 00 00 44 16 00 00 40 40 00 00 41 C8 00 00 40 A0 00 00 41 C8 00 00 00 00 00 00 00 00 00 00 00 00 00 00 00 00 00 00 C2 48 00 00 00 00 00 00 41 F0 00 00 41 F0 00 00 44 16 26 00 46 FA 12 05 3E 54 00 00 00 00 00 00 00 00 00 00 00 00 12 05 3E 54 00 00 00 00 |
01:07:25.223	TX: | 00 01 00 00 00 06 01 03 00 6A 00 18 |
01:07:25.236	RX: | 00 01 00 00 00 33 01 03 30 00 00 40 40 00 00 41 C8 00 00 40 A0 00 00 41 C8 00 00 00 00 00 00 00 00 00 00 00 00 00 00 00 00 00 00 C2 C8 00 00 00 00 00 00 41 F0 00 00 41 F0 |
01:07:25.517	TX: | 00 01 00 00 00 06 01 03 00 5F 00 32 |
01:07:25.523	RX: | 00 01 00 00 00 67 01 03 64 00 00 42 48 00 00 40 A0 00 00 00 00 00 00 40 00 00 00 44 16 00 00 40 40 00 00 41 C8 00 00 40 A0 00 00 41 C8 00 00 00 00 00 00 00 00 00 00 00 00 00 00 00 00 00 00 C2 48 00 00 00 00 00 00 41 F0 00 00 41 F0 00 00 44 16 26 00 46 FA F7 CE 3E 53 00 00 00 00 00 00 00 00 00 00 00 00 F7 CE 3E 53 00 00 00 00 |
01:07:26.262	TX: | 00 01 00 00 00 06 01 03 00 6A 00 18 |
01:07:26.278	RX: | 00 01 00 00 00 33 01 03 30 00 00 40 40 00 00 41 C8 00 00 40 A0 00 00 41 C8 00 00 00 00 00 00 00 00 00 00 00 00 00 00 00 00 00 00 C2 C8 00 00 00 00 00 00 41 F0 00 00 41 F0 |
01:07:26.533	TX: | 00 01 00 00 00 06 01 03 00 5F 00 32 |
01:07:26.538	RX: | 00 01 00 00 00 67 01 03 64 00 00 42 48 00 00 40 A0 00 00 00 00 00 00 40 00 00 00 44 16 00 00 40 40 00 00 41 C8 00 00 40 A0 00 00 41 C8 00 00 00 00 00 00 00 00 00 00 00 00 00 00 00 00 00 00 C2 48 00 00 00 00 00 00 41 F0 00 00 41 F0 00 00 44 16 26 00 46 FA 2C 3D 3E 54 00 00 00 00 00 00 00 00 00 00 00 00 2C 3D 3E 54 00 00 00 00 |
01:07:27.320	TX: | 00 01 00 00 00 06 01 03 00 6A 00 18 |
01:07:27.334	RX: | 00 01 00 00 00 33 01 03 30 00 00 40 40 00 00 41 C8 00 00 40 A0 00 00 41 C8 00 00 00 00 00 00 00 00 00 00 00 00 00 00 00 00 00 00 C2 C8 00 00 00 00 00 00 41 F0 00 00 41 F0 |
01:07:27.584	TX: | 00 01 00 00 00 06 01 03 00 5F 00 32 |
01:07:27.589	RX: | 00 01 00 00 00 67 01 03 64 00 00 42 48 00 00 40 A0 00 00 00 00 00 00 40 00 00 00 44 16 00 00 40 40 00 00 41 C8 00 00 40 A0 00 00 41 C8 00 00 00 00 00 00 00 00 00 00 00 00 00 00 00 00 00 00 C2 48 00 00 00 00 00 00 41 F0 00 00 41 F0 00 00 44 16 26 00 46 FA 12 05 3E 54 00 00 00 00 00 00 00 00 00 00 00 00 12 05 3E 54 00 00 00 00 |
